(kicad_pcb (version 20171130) (host pcbnew "(5.1.2)-2")

  (general
    (thickness 1.6)
    (drawings 9)
    (tracks 164)
    (zones 0)
    (modules 14)
    (nets 29)
  )

  (page A4)
  (layers
    (0 F.Cu signal)
    (31 B.Cu signal)
    (32 B.Adhes user)
    (33 F.Adhes user)
    (34 B.Paste user)
    (35 F.Paste user)
    (36 B.SilkS user)
    (37 F.SilkS user)
    (38 B.Mask user)
    (39 F.Mask user)
    (40 Dwgs.User user)
    (41 Cmts.User user)
    (42 Eco1.User user)
    (43 Eco2.User user)
    (44 Edge.Cuts user)
    (45 Margin user)
    (46 B.CrtYd user)
    (47 F.CrtYd user)
    (48 B.Fab user)
    (49 F.Fab user)
  )

  (setup
    (last_trace_width 0.25)
    (trace_clearance 0.2)
    (zone_clearance 0.508)
    (zone_45_only no)
    (trace_min 0.2)
    (via_size 0.8)
    (via_drill 0.4)
    (via_min_size 0.4)
    (via_min_drill 0.3)
    (uvia_size 0.3)
    (uvia_drill 0.1)
    (uvias_allowed no)
    (uvia_min_size 0.2)
    (uvia_min_drill 0.1)
    (edge_width 0.05)
    (segment_width 0.2)
    (pcb_text_width 0.3)
    (pcb_text_size 1.5 1.5)
    (mod_edge_width 0.12)
    (mod_text_size 1 1)
    (mod_text_width 0.15)
    (pad_size 1.524 1.524)
    (pad_drill 0.762)
    (pad_to_mask_clearance 0.051)
    (solder_mask_min_width 0.25)
    (aux_axis_origin 0 0)
    (visible_elements 7FFDFFFF)
    (pcbplotparams
      (layerselection 0x010fc_ffffffff)
      (usegerberextensions false)
      (usegerberattributes false)
      (usegerberadvancedattributes false)
      (creategerberjobfile false)
      (excludeedgelayer true)
      (linewidth 0.100000)
      (plotframeref false)
      (viasonmask false)
      (mode 1)
      (useauxorigin false)
      (hpglpennumber 1)
      (hpglpenspeed 20)
      (hpglpendiameter 15.000000)
      (psnegative false)
      (psa4output false)
      (plotreference true)
      (plotvalue true)
      (plotinvisibletext false)
      (padsonsilk false)
      (subtractmaskfromsilk false)
      (outputformat 1)
      (mirror false)
      (drillshape 1)
      (scaleselection 1)
      (outputdirectory ""))
  )

  (net 0 "")
  (net 1 +3V3)
  (net 2 GND)
  (net 3 NRST)
  (net 4 "Net-(D1-Pad1)")
  (net 5 "Net-(D1-Pad2)")
  (net 6 "Net-(D2-Pad2)")
  (net 7 "Net-(D2-Pad1)")
  (net 8 "Net-(D3-Pad2)")
  (net 9 "Net-(J1-Pad3)")
  (net 10 "Net-(J1-Pad4)")
  (net 11 "Net-(J1-Pad2)")
  (net 12 +5V)
  (net 13 "Net-(J2-Pad7)")
  (net 14 "Net-(J2-Pad10)")
  (net 15 SWDIO)
  (net 16 SWCLK)
  (net 17 SPI1_NSS)
  (net 18 SPI1_SCK)
  (net 19 SPI1_MISO)
  (net 20 SPI1_MOSI)
  (net 21 USART1_TX)
  (net 22 USART1_RX)
  (net 23 "Net-(U1-Pad2)")
  (net 24 "Net-(U1-Pad3)")
  (net 25 ADC_IN1)
  (net 26 "Net-(U1-Pad17)")
  (net 27 "Net-(U1-Pad18)")
  (net 28 "Net-(J2-Pad1)")

  (net_class Default "Esta é a classe de rede padrão."
    (clearance 0.2)
    (trace_width 0.25)
    (via_dia 0.8)
    (via_drill 0.4)
    (uvia_dia 0.3)
    (uvia_drill 0.1)
    (add_net +3V3)
    (add_net +5V)
    (add_net ADC_IN1)
    (add_net GND)
    (add_net NRST)
    (add_net "Net-(D1-Pad1)")
    (add_net "Net-(D1-Pad2)")
    (add_net "Net-(D2-Pad1)")
    (add_net "Net-(D2-Pad2)")
    (add_net "Net-(D3-Pad2)")
    (add_net "Net-(J1-Pad2)")
    (add_net "Net-(J1-Pad3)")
    (add_net "Net-(J1-Pad4)")
    (add_net "Net-(J2-Pad1)")
    (add_net "Net-(J2-Pad10)")
    (add_net "Net-(J2-Pad7)")
    (add_net "Net-(U1-Pad17)")
    (add_net "Net-(U1-Pad18)")
    (add_net "Net-(U1-Pad2)")
    (add_net "Net-(U1-Pad3)")
    (add_net SPI1_MISO)
    (add_net SPI1_MOSI)
    (add_net SPI1_NSS)
    (add_net SPI1_SCK)
    (add_net SWCLK)
    (add_net SWDIO)
    (add_net USART1_RX)
    (add_net USART1_TX)
  )

  (module Capacitor_SMD:C_0805_2012Metric (layer F.Cu) (tedit 5B36C52B) (tstamp 5DD298F9)
    (at 173.0525 74.93)
    (descr "Capacitor SMD 0805 (2012 Metric), square (rectangular) end terminal, IPC_7351 nominal, (Body size source: https://docs.google.com/spreadsheets/d/1BsfQQcO9C6DZCsRaXUlFlo91Tg2WpOkGARC1WS5S8t0/edit?usp=sharing), generated with kicad-footprint-generator")
    (tags capacitor)
    (path /5DD3E51C)
    (attr smd)
    (fp_text reference C1 (at 0 -1.65) (layer F.SilkS)
      (effects (font (size 1 1) (thickness 0.15)))
    )
    (fp_text value 10nF (at 0 1.65) (layer F.Fab)
      (effects (font (size 1 1) (thickness 0.15)))
    )
    (fp_line (start -1 0.6) (end -1 -0.6) (layer F.Fab) (width 0.1))
    (fp_line (start -1 -0.6) (end 1 -0.6) (layer F.Fab) (width 0.1))
    (fp_line (start 1 -0.6) (end 1 0.6) (layer F.Fab) (width 0.1))
    (fp_line (start 1 0.6) (end -1 0.6) (layer F.Fab) (width 0.1))
    (fp_line (start -0.258578 -0.71) (end 0.258578 -0.71) (layer F.SilkS) (width 0.12))
    (fp_line (start -0.258578 0.71) (end 0.258578 0.71) (layer F.SilkS) (width 0.12))
    (fp_line (start -1.68 0.95) (end -1.68 -0.95) (layer F.CrtYd) (width 0.05))
    (fp_line (start -1.68 -0.95) (end 1.68 -0.95) (layer F.CrtYd) (width 0.05))
    (fp_line (start 1.68 -0.95) (end 1.68 0.95) (layer F.CrtYd) (width 0.05))
    (fp_line (start 1.68 0.95) (end -1.68 0.95) (layer F.CrtYd) (width 0.05))
    (fp_text user %R (at 0 0) (layer F.Fab)
      (effects (font (size 0.5 0.5) (thickness 0.08)))
    )
    (pad 1 smd roundrect (at -0.9375 0) (size 0.975 1.4) (layers F.Cu F.Paste F.Mask) (roundrect_rratio 0.25)
      (net 1 +3V3))
    (pad 2 smd roundrect (at 0.9375 0) (size 0.975 1.4) (layers F.Cu F.Paste F.Mask) (roundrect_rratio 0.25)
      (net 2 GND))
    (model ${KISYS3DMOD}/Capacitor_SMD.3dshapes/C_0805_2012Metric.wrl
      (at (xyz 0 0 0))
      (scale (xyz 1 1 1))
      (rotate (xyz 0 0 0))
    )
  )

  (module Capacitor_SMD:C_0805_2012Metric (layer F.Cu) (tedit 5B36C52B) (tstamp 5DD2990A)
    (at 152.4 72.39 90)
    (descr "Capacitor SMD 0805 (2012 Metric), square (rectangular) end terminal, IPC_7351 nominal, (Body size source: https://docs.google.com/spreadsheets/d/1BsfQQcO9C6DZCsRaXUlFlo91Tg2WpOkGARC1WS5S8t0/edit?usp=sharing), generated with kicad-footprint-generator")
    (tags capacitor)
    (path /5DD4F4F7)
    (attr smd)
    (fp_text reference C2 (at 0 -1.65 90) (layer F.SilkS)
      (effects (font (size 1 1) (thickness 0.15)))
    )
    (fp_text value 0.1uF (at 0 1.65 90) (layer F.Fab)
      (effects (font (size 1 1) (thickness 0.15)))
    )
    (fp_text user %R (at 0 0 90) (layer F.Fab)
      (effects (font (size 0.5 0.5) (thickness 0.08)))
    )
    (fp_line (start 1.68 0.95) (end -1.68 0.95) (layer F.CrtYd) (width 0.05))
    (fp_line (start 1.68 -0.95) (end 1.68 0.95) (layer F.CrtYd) (width 0.05))
    (fp_line (start -1.68 -0.95) (end 1.68 -0.95) (layer F.CrtYd) (width 0.05))
    (fp_line (start -1.68 0.95) (end -1.68 -0.95) (layer F.CrtYd) (width 0.05))
    (fp_line (start -0.258578 0.71) (end 0.258578 0.71) (layer F.SilkS) (width 0.12))
    (fp_line (start -0.258578 -0.71) (end 0.258578 -0.71) (layer F.SilkS) (width 0.12))
    (fp_line (start 1 0.6) (end -1 0.6) (layer F.Fab) (width 0.1))
    (fp_line (start 1 -0.6) (end 1 0.6) (layer F.Fab) (width 0.1))
    (fp_line (start -1 -0.6) (end 1 -0.6) (layer F.Fab) (width 0.1))
    (fp_line (start -1 0.6) (end -1 -0.6) (layer F.Fab) (width 0.1))
    (pad 2 smd roundrect (at 0.9375 0 90) (size 0.975 1.4) (layers F.Cu F.Paste F.Mask) (roundrect_rratio 0.25)
      (net 2 GND))
    (pad 1 smd roundrect (at -0.9375 0 90) (size 0.975 1.4) (layers F.Cu F.Paste F.Mask) (roundrect_rratio 0.25)
      (net 3 NRST))
    (model ${KISYS3DMOD}/Capacitor_SMD.3dshapes/C_0805_2012Metric.wrl
      (at (xyz 0 0 0))
      (scale (xyz 1 1 1))
      (rotate (xyz 0 0 0))
    )
  )

  (module Capacitor_SMD:C_0805_2012Metric (layer F.Cu) (tedit 5B36C52B) (tstamp 5DD2991B)
    (at 173.0525 71.12)
    (descr "Capacitor SMD 0805 (2012 Metric), square (rectangular) end terminal, IPC_7351 nominal, (Body size source: https://docs.google.com/spreadsheets/d/1BsfQQcO9C6DZCsRaXUlFlo91Tg2WpOkGARC1WS5S8t0/edit?usp=sharing), generated with kicad-footprint-generator")
    (tags capacitor)
    (path /5DD6560D)
    (attr smd)
    (fp_text reference C3 (at 0 -1.65) (layer F.SilkS)
      (effects (font (size 1 1) (thickness 0.15)))
    )
    (fp_text value 100nF (at 0 1.65) (layer F.Fab)
      (effects (font (size 1 1) (thickness 0.15)))
    )
    (fp_line (start -1 0.6) (end -1 -0.6) (layer F.Fab) (width 0.1))
    (fp_line (start -1 -0.6) (end 1 -0.6) (layer F.Fab) (width 0.1))
    (fp_line (start 1 -0.6) (end 1 0.6) (layer F.Fab) (width 0.1))
    (fp_line (start 1 0.6) (end -1 0.6) (layer F.Fab) (width 0.1))
    (fp_line (start -0.258578 -0.71) (end 0.258578 -0.71) (layer F.SilkS) (width 0.12))
    (fp_line (start -0.258578 0.71) (end 0.258578 0.71) (layer F.SilkS) (width 0.12))
    (fp_line (start -1.68 0.95) (end -1.68 -0.95) (layer F.CrtYd) (width 0.05))
    (fp_line (start -1.68 -0.95) (end 1.68 -0.95) (layer F.CrtYd) (width 0.05))
    (fp_line (start 1.68 -0.95) (end 1.68 0.95) (layer F.CrtYd) (width 0.05))
    (fp_line (start 1.68 0.95) (end -1.68 0.95) (layer F.CrtYd) (width 0.05))
    (fp_text user %R (at 0 0) (layer F.Fab)
      (effects (font (size 0.5 0.5) (thickness 0.08)))
    )
    (pad 1 smd roundrect (at -0.9375 0) (size 0.975 1.4) (layers F.Cu F.Paste F.Mask) (roundrect_rratio 0.25)
      (net 1 +3V3))
    (pad 2 smd roundrect (at 0.9375 0) (size 0.975 1.4) (layers F.Cu F.Paste F.Mask) (roundrect_rratio 0.25)
      (net 2 GND))
    (model ${KISYS3DMOD}/Capacitor_SMD.3dshapes/C_0805_2012Metric.wrl
      (at (xyz 0 0 0))
      (scale (xyz 1 1 1))
      (rotate (xyz 0 0 0))
    )
  )

  (module Capacitor_SMD:C_0805_2012Metric (layer F.Cu) (tedit 5B36C52B) (tstamp 5DD2992C)
    (at 173.0525 78.74)
    (descr "Capacitor SMD 0805 (2012 Metric), square (rectangular) end terminal, IPC_7351 nominal, (Body size source: https://docs.google.com/spreadsheets/d/1BsfQQcO9C6DZCsRaXUlFlo91Tg2WpOkGARC1WS5S8t0/edit?usp=sharing), generated with kicad-footprint-generator")
    (tags capacitor)
    (path /5DD66123)
    (attr smd)
    (fp_text reference C4 (at 0 -1.65) (layer F.SilkS)
      (effects (font (size 1 1) (thickness 0.15)))
    )
    (fp_text value 4.7uF (at 0 1.65) (layer F.Fab)
      (effects (font (size 1 1) (thickness 0.15)))
    )
    (fp_text user %R (at 0 0) (layer F.Fab)
      (effects (font (size 0.5 0.5) (thickness 0.08)))
    )
    (fp_line (start 1.68 0.95) (end -1.68 0.95) (layer F.CrtYd) (width 0.05))
    (fp_line (start 1.68 -0.95) (end 1.68 0.95) (layer F.CrtYd) (width 0.05))
    (fp_line (start -1.68 -0.95) (end 1.68 -0.95) (layer F.CrtYd) (width 0.05))
    (fp_line (start -1.68 0.95) (end -1.68 -0.95) (layer F.CrtYd) (width 0.05))
    (fp_line (start -0.258578 0.71) (end 0.258578 0.71) (layer F.SilkS) (width 0.12))
    (fp_line (start -0.258578 -0.71) (end 0.258578 -0.71) (layer F.SilkS) (width 0.12))
    (fp_line (start 1 0.6) (end -1 0.6) (layer F.Fab) (width 0.1))
    (fp_line (start 1 -0.6) (end 1 0.6) (layer F.Fab) (width 0.1))
    (fp_line (start -1 -0.6) (end 1 -0.6) (layer F.Fab) (width 0.1))
    (fp_line (start -1 0.6) (end -1 -0.6) (layer F.Fab) (width 0.1))
    (pad 2 smd roundrect (at 0.9375 0) (size 0.975 1.4) (layers F.Cu F.Paste F.Mask) (roundrect_rratio 0.25)
      (net 2 GND))
    (pad 1 smd roundrect (at -0.9375 0) (size 0.975 1.4) (layers F.Cu F.Paste F.Mask) (roundrect_rratio 0.25)
      (net 1 +3V3))
    (model ${KISYS3DMOD}/Capacitor_SMD.3dshapes/C_0805_2012Metric.wrl
      (at (xyz 0 0 0))
      (scale (xyz 1 1 1))
      (rotate (xyz 0 0 0))
    )
  )

  (module LED_SMD:LED_0805_2012Metric_Castellated (layer F.Cu) (tedit 5B36C52C) (tstamp 5DD2993F)
    (at 166.37 72.39 90)
    (descr "LED SMD 0805 (2012 Metric), castellated end terminal, IPC_7351 nominal, (Body size source: https://docs.google.com/spreadsheets/d/1BsfQQcO9C6DZCsRaXUlFlo91Tg2WpOkGARC1WS5S8t0/edit?usp=sharing), generated with kicad-footprint-generator")
    (tags "LED castellated")
    (path /5DD3DE20)
    (attr smd)
    (fp_text reference D1 (at 0 -1.6 90) (layer F.SilkS)
      (effects (font (size 1 1) (thickness 0.15)))
    )
    (fp_text value STATUS (at 0 1.6 90) (layer F.Fab)
      (effects (font (size 1 1) (thickness 0.15)))
    )
    (fp_line (start 1 -0.6) (end -0.7 -0.6) (layer F.Fab) (width 0.1))
    (fp_line (start -0.7 -0.6) (end -1 -0.3) (layer F.Fab) (width 0.1))
    (fp_line (start -1 -0.3) (end -1 0.6) (layer F.Fab) (width 0.1))
    (fp_line (start -1 0.6) (end 1 0.6) (layer F.Fab) (width 0.1))
    (fp_line (start 1 0.6) (end 1 -0.6) (layer F.Fab) (width 0.1))
    (fp_line (start 1 -0.91) (end -1.885 -0.91) (layer F.SilkS) (width 0.12))
    (fp_line (start -1.885 -0.91) (end -1.885 0.91) (layer F.SilkS) (width 0.12))
    (fp_line (start -1.885 0.91) (end 1 0.91) (layer F.SilkS) (width 0.12))
    (fp_line (start -1.88 0.9) (end -1.88 -0.9) (layer F.CrtYd) (width 0.05))
    (fp_line (start -1.88 -0.9) (end 1.88 -0.9) (layer F.CrtYd) (width 0.05))
    (fp_line (start 1.88 -0.9) (end 1.88 0.9) (layer F.CrtYd) (width 0.05))
    (fp_line (start 1.88 0.9) (end -1.88 0.9) (layer F.CrtYd) (width 0.05))
    (fp_text user %R (at 0 0 90) (layer F.Fab)
      (effects (font (size 0.5 0.5) (thickness 0.08)))
    )
    (pad 1 smd roundrect (at -0.9625 0 90) (size 1.325 1.3) (layers F.Cu F.Paste F.Mask) (roundrect_rratio 0.192308)
      (net 4 "Net-(D1-Pad1)"))
    (pad 2 smd roundrect (at 0.9625 0 90) (size 1.325 1.3) (layers F.Cu F.Paste F.Mask) (roundrect_rratio 0.192308)
      (net 5 "Net-(D1-Pad2)"))
    (model ${KISYS3DMOD}/LED_SMD.3dshapes/LED_0805_2012Metric_Castellated.wrl
      (at (xyz 0 0 0))
      (scale (xyz 1 1 1))
      (rotate (xyz 0 0 0))
    )
  )

  (module LED_SMD:LED_0805_2012Metric_Castellated (layer F.Cu) (tedit 5B36C52C) (tstamp 5DD29952)
    (at 144.78 77.47 90)
    (descr "LED SMD 0805 (2012 Metric), castellated end terminal, IPC_7351 nominal, (Body size source: https://docs.google.com/spreadsheets/d/1BsfQQcO9C6DZCsRaXUlFlo91Tg2WpOkGARC1WS5S8t0/edit?usp=sharing), generated with kicad-footprint-generator")
    (tags "LED castellated")
    (path /5DDB9F84)
    (attr smd)
    (fp_text reference D2 (at 0 -1.6 90) (layer F.SilkS)
      (effects (font (size 1 1) (thickness 0.15)))
    )
    (fp_text value STATUS (at 0 1.6 90) (layer F.Fab)
      (effects (font (size 1 1) (thickness 0.15)))
    )
    (fp_text user %R (at 0 0 90) (layer F.Fab)
      (effects (font (size 0.5 0.5) (thickness 0.08)))
    )
    (fp_line (start 1.88 0.9) (end -1.88 0.9) (layer F.CrtYd) (width 0.05))
    (fp_line (start 1.88 -0.9) (end 1.88 0.9) (layer F.CrtYd) (width 0.05))
    (fp_line (start -1.88 -0.9) (end 1.88 -0.9) (layer F.CrtYd) (width 0.05))
    (fp_line (start -1.88 0.9) (end -1.88 -0.9) (layer F.CrtYd) (width 0.05))
    (fp_line (start -1.885 0.91) (end 1 0.91) (layer F.SilkS) (width 0.12))
    (fp_line (start -1.885 -0.91) (end -1.885 0.91) (layer F.SilkS) (width 0.12))
    (fp_line (start 1 -0.91) (end -1.885 -0.91) (layer F.SilkS) (width 0.12))
    (fp_line (start 1 0.6) (end 1 -0.6) (layer F.Fab) (width 0.1))
    (fp_line (start -1 0.6) (end 1 0.6) (layer F.Fab) (width 0.1))
    (fp_line (start -1 -0.3) (end -1 0.6) (layer F.Fab) (width 0.1))
    (fp_line (start -0.7 -0.6) (end -1 -0.3) (layer F.Fab) (width 0.1))
    (fp_line (start 1 -0.6) (end -0.7 -0.6) (layer F.Fab) (width 0.1))
    (pad 2 smd roundrect (at 0.9625 0 90) (size 1.325 1.3) (layers F.Cu F.Paste F.Mask) (roundrect_rratio 0.192308)
      (net 6 "Net-(D2-Pad2)"))
    (pad 1 smd roundrect (at -0.9625 0 90) (size 1.325 1.3) (layers F.Cu F.Paste F.Mask) (roundrect_rratio 0.192308)
      (net 7 "Net-(D2-Pad1)"))
    (model ${KISYS3DMOD}/LED_SMD.3dshapes/LED_0805_2012Metric_Castellated.wrl
      (at (xyz 0 0 0))
      (scale (xyz 1 1 1))
      (rotate (xyz 0 0 0))
    )
  )

  (module LED_SMD:LED_0805_2012Metric_Castellated (layer F.Cu) (tedit 5B36C52C) (tstamp 5DD29965)
    (at 144.78 82.55 270)
    (descr "LED SMD 0805 (2012 Metric), castellated end terminal, IPC_7351 nominal, (Body size source: https://docs.google.com/spreadsheets/d/1BsfQQcO9C6DZCsRaXUlFlo91Tg2WpOkGARC1WS5S8t0/edit?usp=sharing), generated with kicad-footprint-generator")
    (tags "LED castellated")
    (path /5DDB0CDC)
    (attr smd)
    (fp_text reference D3 (at 0 -1.6 90) (layer F.SilkS)
      (effects (font (size 1 1) (thickness 0.15)))
    )
    (fp_text value STATUS (at 0 1.6 90) (layer F.Fab)
      (effects (font (size 1 1) (thickness 0.15)))
    )
    (fp_line (start 1 -0.6) (end -0.7 -0.6) (layer F.Fab) (width 0.1))
    (fp_line (start -0.7 -0.6) (end -1 -0.3) (layer F.Fab) (width 0.1))
    (fp_line (start -1 -0.3) (end -1 0.6) (layer F.Fab) (width 0.1))
    (fp_line (start -1 0.6) (end 1 0.6) (layer F.Fab) (width 0.1))
    (fp_line (start 1 0.6) (end 1 -0.6) (layer F.Fab) (width 0.1))
    (fp_line (start 1 -0.91) (end -1.885 -0.91) (layer F.SilkS) (width 0.12))
    (fp_line (start -1.885 -0.91) (end -1.885 0.91) (layer F.SilkS) (width 0.12))
    (fp_line (start -1.885 0.91) (end 1 0.91) (layer F.SilkS) (width 0.12))
    (fp_line (start -1.88 0.9) (end -1.88 -0.9) (layer F.CrtYd) (width 0.05))
    (fp_line (start -1.88 -0.9) (end 1.88 -0.9) (layer F.CrtYd) (width 0.05))
    (fp_line (start 1.88 -0.9) (end 1.88 0.9) (layer F.CrtYd) (width 0.05))
    (fp_line (start 1.88 0.9) (end -1.88 0.9) (layer F.CrtYd) (width 0.05))
    (fp_text user %R (at 0 0 90) (layer F.Fab)
      (effects (font (size 0.5 0.5) (thickness 0.08)))
    )
    (pad 1 smd roundrect (at -0.9625 0 270) (size 1.325 1.3) (layers F.Cu F.Paste F.Mask) (roundrect_rratio 0.192308)
      (net 7 "Net-(D2-Pad1)"))
    (pad 2 smd roundrect (at 0.9625 0 270) (size 1.325 1.3) (layers F.Cu F.Paste F.Mask) (roundrect_rratio 0.192308)
      (net 8 "Net-(D3-Pad2)"))
    (model ${KISYS3DMOD}/LED_SMD.3dshapes/LED_0805_2012Metric_Castellated.wrl
      (at (xyz 0 0 0))
      (scale (xyz 1 1 1))
      (rotate (xyz 0 0 0))
    )
  )

  (module Connector_USB:USB_Micro-B_Molex-105133-0001 (layer F.Cu) (tedit 5A142044) (tstamp 5DD29987)
    (at 173.99 66.04)
    (descr "Molex Vertical Micro USB Typ-B (http://www.molex.com/pdm_docs/sd/1051330001_sd.pdf)")
    (tags "Micro-USB SMD Typ-B Vertical")
    (path /5DD978E5)
    (attr smd)
    (fp_text reference J1 (at 0 -2.85) (layer F.SilkS)
      (effects (font (size 1 1) (thickness 0.15)))
    )
    (fp_text value USB_B_Micro (at -0.025 3) (layer F.Fab)
      (effects (font (size 1 1) (thickness 0.15)))
    )
    (fp_text user %R (at 0 -0.375) (layer F.Fab)
      (effects (font (size 1 1) (thickness 0.15)))
    )
    (fp_line (start -4 1.565) (end -4 -1.435) (layer F.Fab) (width 0.1))
    (fp_line (start 4 1.565) (end 4 -1.435) (layer F.Fab) (width 0.1))
    (fp_line (start -4 1.565) (end 4 1.565) (layer F.Fab) (width 0.1))
    (fp_line (start 4 -1.435) (end -4 -1.435) (layer F.Fab) (width 0.1))
    (fp_line (start -1.7 -1.075) (end -1.7 -1.825) (layer F.SilkS) (width 0.12))
    (fp_line (start -1.7 -1.825) (end -1.1 -1.825) (layer F.SilkS) (width 0.12))
    (fp_line (start -2 -1.825) (end -4.15 -1.825) (layer F.SilkS) (width 0.12))
    (fp_line (start 4.15 -1.825) (end 4.15 1.725) (layer F.SilkS) (width 0.12))
    (fp_line (start -4.15 1.725) (end -1.25 1.725) (layer F.SilkS) (width 0.12))
    (fp_line (start -4.15 -1.825) (end -4.15 1.725) (layer F.SilkS) (width 0.12))
    (fp_line (start 4.15 1.725) (end 1.25 1.725) (layer F.SilkS) (width 0.12))
    (fp_line (start 2 -1.825) (end 4.15 -1.825) (layer F.SilkS) (width 0.12))
    (fp_line (start -1.3 -1.675) (end -1.525 -1.85) (layer F.Fab) (width 0.1))
    (fp_line (start -1.525 -2.075) (end -1.075 -2.075) (layer F.Fab) (width 0.1))
    (fp_line (start -1.3 -1.675) (end -1.075 -1.85) (layer F.Fab) (width 0.1))
    (fp_line (start -1.525 -1.85) (end -1.525 -2.075) (layer F.Fab) (width 0.1))
    (fp_line (start -1.075 -2.075) (end -1.075 -1.85) (layer F.Fab) (width 0.1))
    (fp_line (start -4.5 2.13) (end -4.5 -2.13) (layer F.CrtYd) (width 0.05))
    (fp_line (start -4.5 -2.13) (end 4.5 -2.13) (layer F.CrtYd) (width 0.05))
    (fp_line (start -4.5 2.13) (end 4.5 2.13) (layer F.CrtYd) (width 0.05))
    (fp_line (start 4.5 2.13) (end 4.5 -2.13) (layer F.CrtYd) (width 0.05))
    (pad 3 smd rect (at 0 -0.825) (size 0.45 1.5) (layers F.Cu F.Paste F.Mask)
      (net 9 "Net-(J1-Pad3)"))
    (pad 4 smd rect (at 0.65 -0.825) (size 0.45 1.5) (layers F.Cu F.Paste F.Mask)
      (net 10 "Net-(J1-Pad4)"))
    (pad 2 smd rect (at -0.65 -0.825) (size 0.45 1.5) (layers F.Cu F.Paste F.Mask)
      (net 11 "Net-(J1-Pad2)"))
    (pad 5 smd rect (at 1.3 -0.825) (size 0.45 1.5) (layers F.Cu F.Paste F.Mask)
      (net 2 GND))
    (pad 1 smd rect (at -1.3 -0.825) (size 0.45 1.5) (layers F.Cu F.Paste F.Mask)
      (net 12 +5V))
    (pad 6 thru_hole oval (at -2.8 -1.075) (size 1.8 1.1) (drill oval 1.2 0.5) (layers *.Cu *.Mask)
      (net 2 GND))
    (pad 6 thru_hole oval (at 2.8 -1.075) (size 1.8 1.1) (drill oval 1.2 0.5) (layers *.Cu *.Mask)
      (net 2 GND))
    (pad 6 thru_hole oval (at 0 1.075) (size 2.2 1.1) (drill oval 1.6 0.5) (layers *.Cu *.Mask)
      (net 2 GND))
    (model ${KISYS3DMOD}/Connector_USB.3dshapes/USB_Micro-B_Molex-105133-0001.wrl
      (at (xyz 0 0 0))
      (scale (xyz 1 1 1))
      (rotate (xyz 0 0 0))
    )
  )

  (module Connector_PinHeader_1.00mm:PinHeader_2x10_P1.00mm_Vertical_SMD (layer F.Cu) (tedit 59FED738) (tstamp 5DD299EC)
    (at 158.75 64.77)
    (descr "surface-mounted straight pin header, 2x10, 1.00mm pitch, double rows")
    (tags "Surface mounted pin header SMD 2x10 1.00mm double row")
    (path /5DD3EB36)
    (attr smd)
    (fp_text reference J2 (at 0 -6.06) (layer F.SilkS)
      (effects (font (size 1 1) (thickness 0.15)))
    )
    (fp_text value Conn_02x10 (at 0 6.06) (layer F.Fab)
      (effects (font (size 1 1) (thickness 0.15)))
    )
    (fp_line (start 1.15 5) (end -1.15 5) (layer F.Fab) (width 0.1))
    (fp_line (start -0.8 -5) (end 1.15 -5) (layer F.Fab) (width 0.1))
    (fp_line (start -1.15 5) (end -1.15 -4.65) (layer F.Fab) (width 0.1))
    (fp_line (start -1.15 -4.65) (end -0.8 -5) (layer F.Fab) (width 0.1))
    (fp_line (start 1.15 -5) (end 1.15 5) (layer F.Fab) (width 0.1))
    (fp_line (start -1.15 -4.65) (end -2.4 -4.65) (layer F.Fab) (width 0.1))
    (fp_line (start -2.4 -4.65) (end -2.4 -4.35) (layer F.Fab) (width 0.1))
    (fp_line (start -2.4 -4.35) (end -1.15 -4.35) (layer F.Fab) (width 0.1))
    (fp_line (start 1.15 -4.65) (end 2.4 -4.65) (layer F.Fab) (width 0.1))
    (fp_line (start 2.4 -4.65) (end 2.4 -4.35) (layer F.Fab) (width 0.1))
    (fp_line (start 2.4 -4.35) (end 1.15 -4.35) (layer F.Fab) (width 0.1))
    (fp_line (start -1.15 -3.65) (end -2.4 -3.65) (layer F.Fab) (width 0.1))
    (fp_line (start -2.4 -3.65) (end -2.4 -3.35) (layer F.Fab) (width 0.1))
    (fp_line (start -2.4 -3.35) (end -1.15 -3.35) (layer F.Fab) (width 0.1))
    (fp_line (start 1.15 -3.65) (end 2.4 -3.65) (layer F.Fab) (width 0.1))
    (fp_line (start 2.4 -3.65) (end 2.4 -3.35) (layer F.Fab) (width 0.1))
    (fp_line (start 2.4 -3.35) (end 1.15 -3.35) (layer F.Fab) (width 0.1))
    (fp_line (start -1.15 -2.65) (end -2.4 -2.65) (layer F.Fab) (width 0.1))
    (fp_line (start -2.4 -2.65) (end -2.4 -2.35) (layer F.Fab) (width 0.1))
    (fp_line (start -2.4 -2.35) (end -1.15 -2.35) (layer F.Fab) (width 0.1))
    (fp_line (start 1.15 -2.65) (end 2.4 -2.65) (layer F.Fab) (width 0.1))
    (fp_line (start 2.4 -2.65) (end 2.4 -2.35) (layer F.Fab) (width 0.1))
    (fp_line (start 2.4 -2.35) (end 1.15 -2.35) (layer F.Fab) (width 0.1))
    (fp_line (start -1.15 -1.65) (end -2.4 -1.65) (layer F.Fab) (width 0.1))
    (fp_line (start -2.4 -1.65) (end -2.4 -1.35) (layer F.Fab) (width 0.1))
    (fp_line (start -2.4 -1.35) (end -1.15 -1.35) (layer F.Fab) (width 0.1))
    (fp_line (start 1.15 -1.65) (end 2.4 -1.65) (layer F.Fab) (width 0.1))
    (fp_line (start 2.4 -1.65) (end 2.4 -1.35) (layer F.Fab) (width 0.1))
    (fp_line (start 2.4 -1.35) (end 1.15 -1.35) (layer F.Fab) (width 0.1))
    (fp_line (start -1.15 -0.65) (end -2.4 -0.65) (layer F.Fab) (width 0.1))
    (fp_line (start -2.4 -0.65) (end -2.4 -0.35) (layer F.Fab) (width 0.1))
    (fp_line (start -2.4 -0.35) (end -1.15 -0.35) (layer F.Fab) (width 0.1))
    (fp_line (start 1.15 -0.65) (end 2.4 -0.65) (layer F.Fab) (width 0.1))
    (fp_line (start 2.4 -0.65) (end 2.4 -0.35) (layer F.Fab) (width 0.1))
    (fp_line (start 2.4 -0.35) (end 1.15 -0.35) (layer F.Fab) (width 0.1))
    (fp_line (start -1.15 0.35) (end -2.4 0.35) (layer F.Fab) (width 0.1))
    (fp_line (start -2.4 0.35) (end -2.4 0.65) (layer F.Fab) (width 0.1))
    (fp_line (start -2.4 0.65) (end -1.15 0.65) (layer F.Fab) (width 0.1))
    (fp_line (start 1.15 0.35) (end 2.4 0.35) (layer F.Fab) (width 0.1))
    (fp_line (start 2.4 0.35) (end 2.4 0.65) (layer F.Fab) (width 0.1))
    (fp_line (start 2.4 0.65) (end 1.15 0.65) (layer F.Fab) (width 0.1))
    (fp_line (start -1.15 1.35) (end -2.4 1.35) (layer F.Fab) (width 0.1))
    (fp_line (start -2.4 1.35) (end -2.4 1.65) (layer F.Fab) (width 0.1))
    (fp_line (start -2.4 1.65) (end -1.15 1.65) (layer F.Fab) (width 0.1))
    (fp_line (start 1.15 1.35) (end 2.4 1.35) (layer F.Fab) (width 0.1))
    (fp_line (start 2.4 1.35) (end 2.4 1.65) (layer F.Fab) (width 0.1))
    (fp_line (start 2.4 1.65) (end 1.15 1.65) (layer F.Fab) (width 0.1))
    (fp_line (start -1.15 2.35) (end -2.4 2.35) (layer F.Fab) (width 0.1))
    (fp_line (start -2.4 2.35) (end -2.4 2.65) (layer F.Fab) (width 0.1))
    (fp_line (start -2.4 2.65) (end -1.15 2.65) (layer F.Fab) (width 0.1))
    (fp_line (start 1.15 2.35) (end 2.4 2.35) (layer F.Fab) (width 0.1))
    (fp_line (start 2.4 2.35) (end 2.4 2.65) (layer F.Fab) (width 0.1))
    (fp_line (start 2.4 2.65) (end 1.15 2.65) (layer F.Fab) (width 0.1))
    (fp_line (start -1.15 3.35) (end -2.4 3.35) (layer F.Fab) (width 0.1))
    (fp_line (start -2.4 3.35) (end -2.4 3.65) (layer F.Fab) (width 0.1))
    (fp_line (start -2.4 3.65) (end -1.15 3.65) (layer F.Fab) (width 0.1))
    (fp_line (start 1.15 3.35) (end 2.4 3.35) (layer F.Fab) (width 0.1))
    (fp_line (start 2.4 3.35) (end 2.4 3.65) (layer F.Fab) (width 0.1))
    (fp_line (start 2.4 3.65) (end 1.15 3.65) (layer F.Fab) (width 0.1))
    (fp_line (start -1.15 4.35) (end -2.4 4.35) (layer F.Fab) (width 0.1))
    (fp_line (start -2.4 4.35) (end -2.4 4.65) (layer F.Fab) (width 0.1))
    (fp_line (start -2.4 4.65) (end -1.15 4.65) (layer F.Fab) (width 0.1))
    (fp_line (start 1.15 4.35) (end 2.4 4.35) (layer F.Fab) (width 0.1))
    (fp_line (start 2.4 4.35) (end 2.4 4.65) (layer F.Fab) (width 0.1))
    (fp_line (start 2.4 4.65) (end 1.15 4.65) (layer F.Fab) (width 0.1))
    (fp_line (start -1.21 -5.06) (end 1.21 -5.06) (layer F.SilkS) (width 0.12))
    (fp_line (start -1.21 5.06) (end 1.21 5.06) (layer F.SilkS) (width 0.12))
    (fp_line (start -2.59 -5.01) (end -1.21 -5.01) (layer F.SilkS) (width 0.12))
    (fp_line (start -1.21 -5.06) (end -1.21 -5.01) (layer F.SilkS) (width 0.12))
    (fp_line (start 1.21 -5.06) (end 1.21 -5.01) (layer F.SilkS) (width 0.12))
    (fp_line (start -1.21 5.01) (end -1.21 5.06) (layer F.SilkS) (width 0.12))
    (fp_line (start 1.21 5.01) (end 1.21 5.06) (layer F.SilkS) (width 0.12))
    (fp_line (start -3.65 -5.5) (end -3.65 5.5) (layer F.CrtYd) (width 0.05))
    (fp_line (start -3.65 5.5) (end 3.65 5.5) (layer F.CrtYd) (width 0.05))
    (fp_line (start 3.65 5.5) (end 3.65 -5.5) (layer F.CrtYd) (width 0.05))
    (fp_line (start 3.65 -5.5) (end -3.65 -5.5) (layer F.CrtYd) (width 0.05))
    (fp_text user %R (at 0 0 90) (layer F.Fab)
      (effects (font (size 1 1) (thickness 0.15)))
    )
    (pad 1 smd rect (at -1.65 -4.5) (size 2 0.5) (layers F.Cu F.Paste F.Mask)
      (net 28 "Net-(J2-Pad1)"))
    (pad 2 smd rect (at 1.65 -4.5) (size 2 0.5) (layers F.Cu F.Paste F.Mask)
      (net 2 GND))
    (pad 3 smd rect (at -1.65 -3.5) (size 2 0.5) (layers F.Cu F.Paste F.Mask)
      (net 2 GND))
    (pad 4 smd rect (at 1.65 -3.5) (size 2 0.5) (layers F.Cu F.Paste F.Mask)
      (net 2 GND))
    (pad 5 smd rect (at -1.65 -2.5) (size 2 0.5) (layers F.Cu F.Paste F.Mask)
      (net 1 +3V3))
    (pad 6 smd rect (at 1.65 -2.5) (size 2 0.5) (layers F.Cu F.Paste F.Mask)
      (net 1 +3V3))
    (pad 7 smd rect (at -1.65 -1.5) (size 2 0.5) (layers F.Cu F.Paste F.Mask)
      (net 13 "Net-(J2-Pad7)"))
    (pad 8 smd rect (at 1.65 -1.5) (size 2 0.5) (layers F.Cu F.Paste F.Mask)
      (net 2 GND))
    (pad 9 smd rect (at -1.65 -0.5) (size 2 0.5) (layers F.Cu F.Paste F.Mask)
      (net 2 GND))
    (pad 10 smd rect (at 1.65 -0.5) (size 2 0.5) (layers F.Cu F.Paste F.Mask)
      (net 14 "Net-(J2-Pad10)"))
    (pad 11 smd rect (at -1.65 0.5) (size 2 0.5) (layers F.Cu F.Paste F.Mask)
      (net 2 GND))
    (pad 12 smd rect (at 1.65 0.5) (size 2 0.5) (layers F.Cu F.Paste F.Mask)
      (net 2 GND))
    (pad 13 smd rect (at -1.65 1.5) (size 2 0.5) (layers F.Cu F.Paste F.Mask)
      (net 18 SPI1_SCK))
    (pad 14 smd rect (at 1.65 1.5) (size 2 0.5) (layers F.Cu F.Paste F.Mask)
      (net 19 SPI1_MISO))
    (pad 15 smd rect (at -1.65 2.5) (size 2 0.5) (layers F.Cu F.Paste F.Mask)
      (net 17 SPI1_NSS))
    (pad 16 smd rect (at 1.65 2.5) (size 2 0.5) (layers F.Cu F.Paste F.Mask)
      (net 20 SPI1_MOSI))
    (pad 17 smd rect (at -1.65 3.5) (size 2 0.5) (layers F.Cu F.Paste F.Mask)
      (net 22 USART1_RX))
    (pad 18 smd rect (at 1.65 3.5) (size 2 0.5) (layers F.Cu F.Paste F.Mask)
      (net 15 SWDIO))
    (pad 19 smd rect (at -1.65 4.5) (size 2 0.5) (layers F.Cu F.Paste F.Mask)
      (net 21 USART1_TX))
    (pad 20 smd rect (at 1.65 4.5) (size 2 0.5) (layers F.Cu F.Paste F.Mask)
      (net 16 SWCLK))
    (model ${KISYS3DMOD}/Connector_PinHeader_1.00mm.3dshapes/PinHeader_2x10_P1.00mm_Vertical_SMD.wrl
      (at (xyz 0 0 0))
      (scale (xyz 1 1 1))
      (rotate (xyz 0 0 0))
    )
  )

  (module Resistor_SMD:R_0805_2012Metric (layer F.Cu) (tedit 5B36C52B) (tstamp 5DD299FD)
    (at 148.59 76.2)
    (descr "Resistor SMD 0805 (2012 Metric), square (rectangular) end terminal, IPC_7351 nominal, (Body size source: https://docs.google.com/spreadsheets/d/1BsfQQcO9C6DZCsRaXUlFlo91Tg2WpOkGARC1WS5S8t0/edit?usp=sharing), generated with kicad-footprint-generator")
    (tags resistor)
    (path /5DDB9F8A)
    (attr smd)
    (fp_text reference R1 (at 0 -1.65) (layer F.SilkS)
      (effects (font (size 1 1) (thickness 0.15)))
    )
    (fp_text value 39 (at 0 1.65) (layer F.Fab)
      (effects (font (size 1 1) (thickness 0.15)))
    )
    (fp_text user %R (at 0 0) (layer F.Fab)
      (effects (font (size 0.5 0.5) (thickness 0.08)))
    )
    (fp_line (start 1.68 0.95) (end -1.68 0.95) (layer F.CrtYd) (width 0.05))
    (fp_line (start 1.68 -0.95) (end 1.68 0.95) (layer F.CrtYd) (width 0.05))
    (fp_line (start -1.68 -0.95) (end 1.68 -0.95) (layer F.CrtYd) (width 0.05))
    (fp_line (start -1.68 0.95) (end -1.68 -0.95) (layer F.CrtYd) (width 0.05))
    (fp_line (start -0.258578 0.71) (end 0.258578 0.71) (layer F.SilkS) (width 0.12))
    (fp_line (start -0.258578 -0.71) (end 0.258578 -0.71) (layer F.SilkS) (width 0.12))
    (fp_line (start 1 0.6) (end -1 0.6) (layer F.Fab) (width 0.1))
    (fp_line (start 1 -0.6) (end 1 0.6) (layer F.Fab) (width 0.1))
    (fp_line (start -1 -0.6) (end 1 -0.6) (layer F.Fab) (width 0.1))
    (fp_line (start -1 0.6) (end -1 -0.6) (layer F.Fab) (width 0.1))
    (pad 2 smd roundrect (at 0.9375 0) (size 0.975 1.4) (layers F.Cu F.Paste F.Mask) (roundrect_rratio 0.25)
      (net 1 +3V3))
    (pad 1 smd roundrect (at -0.9375 0) (size 0.975 1.4) (layers F.Cu F.Paste F.Mask) (roundrect_rratio 0.25)
      (net 6 "Net-(D2-Pad2)"))
    (model ${KISYS3DMOD}/Resistor_SMD.3dshapes/R_0805_2012Metric.wrl
      (at (xyz 0 0 0))
      (scale (xyz 1 1 1))
      (rotate (xyz 0 0 0))
    )
  )

  (module Resistor_SMD:R_0805_2012Metric (layer F.Cu) (tedit 5B36C52B) (tstamp 5DD29A0E)
    (at 148.9225 80.01)
    (descr "Resistor SMD 0805 (2012 Metric), square (rectangular) end terminal, IPC_7351 nominal, (Body size source: https://docs.google.com/spreadsheets/d/1BsfQQcO9C6DZCsRaXUlFlo91Tg2WpOkGARC1WS5S8t0/edit?usp=sharing), generated with kicad-footprint-generator")
    (tags resistor)
    (path /5DDB0CE4)
    (attr smd)
    (fp_text reference R2 (at 0 -1.65) (layer F.SilkS)
      (effects (font (size 1 1) (thickness 0.15)))
    )
    (fp_text value 39 (at 0 1.65) (layer F.Fab)
      (effects (font (size 1 1) (thickness 0.15)))
    )
    (fp_line (start -1 0.6) (end -1 -0.6) (layer F.Fab) (width 0.1))
    (fp_line (start -1 -0.6) (end 1 -0.6) (layer F.Fab) (width 0.1))
    (fp_line (start 1 -0.6) (end 1 0.6) (layer F.Fab) (width 0.1))
    (fp_line (start 1 0.6) (end -1 0.6) (layer F.Fab) (width 0.1))
    (fp_line (start -0.258578 -0.71) (end 0.258578 -0.71) (layer F.SilkS) (width 0.12))
    (fp_line (start -0.258578 0.71) (end 0.258578 0.71) (layer F.SilkS) (width 0.12))
    (fp_line (start -1.68 0.95) (end -1.68 -0.95) (layer F.CrtYd) (width 0.05))
    (fp_line (start -1.68 -0.95) (end 1.68 -0.95) (layer F.CrtYd) (width 0.05))
    (fp_line (start 1.68 -0.95) (end 1.68 0.95) (layer F.CrtYd) (width 0.05))
    (fp_line (start 1.68 0.95) (end -1.68 0.95) (layer F.CrtYd) (width 0.05))
    (fp_text user %R (at 0 0) (layer F.Fab)
      (effects (font (size 0.5 0.5) (thickness 0.08)))
    )
    (pad 1 smd roundrect (at -0.9375 0) (size 0.975 1.4) (layers F.Cu F.Paste F.Mask) (roundrect_rratio 0.25)
      (net 8 "Net-(D3-Pad2)"))
    (pad 2 smd roundrect (at 0.9375 0) (size 0.975 1.4) (layers F.Cu F.Paste F.Mask) (roundrect_rratio 0.25)
      (net 1 +3V3))
    (model ${KISYS3DMOD}/Resistor_SMD.3dshapes/R_0805_2012Metric.wrl
      (at (xyz 0 0 0))
      (scale (xyz 1 1 1))
      (rotate (xyz 0 0 0))
    )
  )

  (module Resistor_SMD:R_0805_2012Metric (layer F.Cu) (tedit 5B36C52B) (tstamp 5DD29A1F)
    (at 166.37 68.2475 90)
    (descr "Resistor SMD 0805 (2012 Metric), square (rectangular) end terminal, IPC_7351 nominal, (Body size source: https://docs.google.com/spreadsheets/d/1BsfQQcO9C6DZCsRaXUlFlo91Tg2WpOkGARC1WS5S8t0/edit?usp=sharing), generated with kicad-footprint-generator")
    (tags resistor)
    (path /5DD3D9B2)
    (attr smd)
    (fp_text reference R3 (at 0 -1.65 90) (layer F.SilkS)
      (effects (font (size 1 1) (thickness 0.15)))
    )
    (fp_text value 39 (at 0 1.65 90) (layer F.Fab)
      (effects (font (size 1 1) (thickness 0.15)))
    )
    (fp_line (start -1 0.6) (end -1 -0.6) (layer F.Fab) (width 0.1))
    (fp_line (start -1 -0.6) (end 1 -0.6) (layer F.Fab) (width 0.1))
    (fp_line (start 1 -0.6) (end 1 0.6) (layer F.Fab) (width 0.1))
    (fp_line (start 1 0.6) (end -1 0.6) (layer F.Fab) (width 0.1))
    (fp_line (start -0.258578 -0.71) (end 0.258578 -0.71) (layer F.SilkS) (width 0.12))
    (fp_line (start -0.258578 0.71) (end 0.258578 0.71) (layer F.SilkS) (width 0.12))
    (fp_line (start -1.68 0.95) (end -1.68 -0.95) (layer F.CrtYd) (width 0.05))
    (fp_line (start -1.68 -0.95) (end 1.68 -0.95) (layer F.CrtYd) (width 0.05))
    (fp_line (start 1.68 -0.95) (end 1.68 0.95) (layer F.CrtYd) (width 0.05))
    (fp_line (start 1.68 0.95) (end -1.68 0.95) (layer F.CrtYd) (width 0.05))
    (fp_text user %R (at 0 0 90) (layer F.Fab)
      (effects (font (size 0.5 0.5) (thickness 0.08)))
    )
    (pad 1 smd roundrect (at -0.9375 0 90) (size 0.975 1.4) (layers F.Cu F.Paste F.Mask) (roundrect_rratio 0.25)
      (net 5 "Net-(D1-Pad2)"))
    (pad 2 smd roundrect (at 0.9375 0 90) (size 0.975 1.4) (layers F.Cu F.Paste F.Mask) (roundrect_rratio 0.25)
      (net 1 +3V3))
    (model ${KISYS3DMOD}/Resistor_SMD.3dshapes/R_0805_2012Metric.wrl
      (at (xyz 0 0 0))
      (scale (xyz 1 1 1))
      (rotate (xyz 0 0 0))
    )
  )

  (module Package_SO:HTSSOP-20-1EP_4.4x6.5mm_P0.65mm_EP3.4x6.5mm_ThermalVias (layer F.Cu) (tedit 5A6719D8) (tstamp 5DD29A5C)
    (at 158.75 74.93)
    (descr "20-Lead Plastic Thin Shrink Small Outline (ST)-4.4 mm Body [HTSSOP], with thermal pad with vias")
    (tags "HTSSOP 0.65")
    (path /5DD3C827)
    (attr smd)
    (fp_text reference U1 (at 0 -4.3) (layer F.SilkS)
      (effects (font (size 1 1) (thickness 0.15)))
    )
    (fp_text value STM32F030F4P6 (at 0 4.3) (layer F.Fab)
      (effects (font (size 1 1) (thickness 0.15)))
    )
    (fp_line (start -1.2 -3.25) (end 2.2 -3.25) (layer F.Fab) (width 0.1))
    (fp_line (start 2.2 -3.25) (end 2.2 3.25) (layer F.Fab) (width 0.1))
    (fp_line (start 2.2 3.25) (end -2.2 3.25) (layer F.Fab) (width 0.1))
    (fp_line (start -2.2 3.25) (end -2.2 -2.25) (layer F.Fab) (width 0.1))
    (fp_line (start -2.2 -2.25) (end -1.2 -3.25) (layer F.Fab) (width 0.1))
    (fp_line (start -3.95 -3.55) (end -3.95 3.55) (layer F.CrtYd) (width 0.05))
    (fp_line (start 3.95 -3.55) (end 3.95 3.55) (layer F.CrtYd) (width 0.05))
    (fp_line (start -3.95 -3.55) (end 3.95 -3.55) (layer F.CrtYd) (width 0.05))
    (fp_line (start -3.95 3.55) (end 3.95 3.55) (layer F.CrtYd) (width 0.05))
    (fp_line (start -2.23 3.45) (end 2.23 3.45) (layer F.SilkS) (width 0.12))
    (fp_line (start -3.75 -3.45) (end 2.23 -3.45) (layer F.SilkS) (width 0.12))
    (fp_text user %R (at 0 0) (layer F.Fab)
      (effects (font (size 0.8 0.8) (thickness 0.15)))
    )
    (pad 21 smd rect (at 0 0) (size 3.4 6.5) (layers B.Cu))
    (pad 1 smd rect (at -2.95 -2.92) (size 1.45 0.45) (layers F.Cu F.Paste F.Mask)
      (net 2 GND))
    (pad 2 smd rect (at -2.95 -2.27) (size 1.45 0.45) (layers F.Cu F.Paste F.Mask)
      (net 23 "Net-(U1-Pad2)"))
    (pad 3 smd rect (at -2.95 -1.62) (size 1.45 0.45) (layers F.Cu F.Paste F.Mask)
      (net 24 "Net-(U1-Pad3)"))
    (pad 4 smd rect (at -2.95 -0.97) (size 1.45 0.45) (layers F.Cu F.Paste F.Mask)
      (net 3 NRST))
    (pad 5 smd rect (at -2.95 -0.33) (size 1.45 0.45) (layers F.Cu F.Paste F.Mask)
      (net 1 +3V3))
    (pad 6 smd rect (at -2.95 0.33) (size 1.45 0.45) (layers F.Cu F.Paste F.Mask)
      (net 7 "Net-(D2-Pad1)"))
    (pad 7 smd rect (at -2.95 0.97) (size 1.45 0.45) (layers F.Cu F.Paste F.Mask)
      (net 25 ADC_IN1))
    (pad 8 smd rect (at -2.95 1.62) (size 1.45 0.45) (layers F.Cu F.Paste F.Mask)
      (net 21 USART1_TX))
    (pad 9 smd rect (at -2.95 2.27) (size 1.45 0.45) (layers F.Cu F.Paste F.Mask)
      (net 22 USART1_RX))
    (pad 10 smd rect (at -2.95 2.92) (size 1.45 0.45) (layers F.Cu F.Paste F.Mask)
      (net 17 SPI1_NSS))
    (pad 11 smd rect (at 2.95 2.92) (size 1.45 0.45) (layers F.Cu F.Paste F.Mask)
      (net 18 SPI1_SCK))
    (pad 12 smd rect (at 2.95 2.27) (size 1.45 0.45) (layers F.Cu F.Paste F.Mask)
      (net 19 SPI1_MISO))
    (pad 13 smd rect (at 2.95 1.62) (size 1.45 0.45) (layers F.Cu F.Paste F.Mask)
      (net 20 SPI1_MOSI))
    (pad 14 smd rect (at 2.95 0.97) (size 1.45 0.45) (layers F.Cu F.Paste F.Mask)
      (net 4 "Net-(D1-Pad1)"))
    (pad 15 smd rect (at 2.95 0.33) (size 1.45 0.45) (layers F.Cu F.Paste F.Mask)
      (net 2 GND))
    (pad 16 smd rect (at 2.95 -0.33) (size 1.45 0.45) (layers F.Cu F.Paste F.Mask)
      (net 1 +3V3))
    (pad 17 smd rect (at 2.95 -0.97) (size 1.45 0.45) (layers F.Cu F.Paste F.Mask)
      (net 26 "Net-(U1-Pad17)"))
    (pad 18 smd rect (at 2.95 -1.62) (size 1.45 0.45) (layers F.Cu F.Paste F.Mask)
      (net 27 "Net-(U1-Pad18)"))
    (pad 19 smd rect (at 2.95 -2.27) (size 1.45 0.45) (layers F.Cu F.Paste F.Mask)
      (net 15 SWDIO))
    (pad 20 smd rect (at 2.95 -2.92) (size 1.45 0.45) (layers F.Cu F.Paste F.Mask)
